409..58
406.65
406.64
406.70
406.69
406.68
406.67
406.74
406.71
406.67
406.82
406.86
406.75
406.75
406.74
406.66
406.58
406.65
406.64
406.70
406.69
406.68
406.67
406.74
406.71
405.64
405.59
405.26
404.97
404.83
404.97
404.95
405.04
405.08
405.06
404.95
404.91
404.80
404.79
404.65
404.71
404.68
404.65
404.63
404.62
404.51
404.50
404.49
404.38
404.35
404.24
404.19
404.15
404.10
404.13
404.13
404.02
404.03
403.92
403.64
403.47
403.21
402.83
402.62
402.54
402.18
401.87
401.54
401.09
400.45
399.96
399.36
398.74
398.08
397.45
396.71
396.03
395.20
394.41
393.60
392.82
391.93
391.03
390.03
389.18
388.07
387.02
386.12
385.23
384.06
383.08
382.12
381.09
380.07
379.26
378.36
377.46
376.57
375.71
374.73
373.86
372.96
371.96
370.93
369.88
368.82
367.83
366.83
365.81
364.73
363.60
362.38
361.20
359.97
358.75
357.45
356.20
354.99
353.79
352.51
351.40
350.20
348.98
347.75
346.66
345.49
344.32
343.20
342.15
340.98
339.82
338.76
337.69
336.48
335.36
334.25
333.06
331.93
330.70
329.48
328.25
327.00
325.65
324.47
323.30
322.09
320.89
319.67
318.45
317.20
315.95
314.70
313.45
312.19
310.87
309.66
308.38
307.11
305.88
304.74
303.55
302.50
301.47
300.44
299.42
298.39
297.34
296.31
295.27
294.25
293.26
292.26
291.27
290.29
289.24
288.16
287.10
286.12
285.05
284.13
283.11
282.10
281.01
280.07
278.97
277.95
276.90
275.85
274.70
273.63
272.52
271.48
270.45
269.32
268.19
267.10
265.93
264.78
263.72
262.67
261.65
260.63
259.62
258.62
257.62
256.64
255.69
254.83
253.89
252.96
252.01
251.18
250.28
249.41
248.57
247.72
246.88
245.96
245.13
244.29
243.54
242.61
241.79
240.95
240.12
239.23
238.39
237.53
236.69
235.83
234.97
234.12
233.27
232.41
231.57
230.73
229.89
229.02
228.18
227.32
226.46
225.59
224.75
223.83
222.90
222.04
221.22
220.41
219.63
218.81
217.92
217.09
216.21
215.39
214.66
213.95
213.17
212.55
211.85
211.15
210.45
209.85
209.17
208.48
207.78
207.08
206.33
205.57
204.90
204.27
203.66
203.02
202.41
201.82
201.21
200.61
200.00
199.38
198.74
198.10
197.44
196.80
196.12
195.53
194.85
194.17
193.49
192.82
192.04
191.34
190.64
189.93
189.24
188.53
187.81
187.12
186.42
185.70
185.01
184.33
183.63
182.94
182.25
181.55
180.84
180.14
179.44
178.74
178.06
177.39
176.72
176.05
175.40
174.75
174.12
173.51
172.92
172.34
171.75
171.18
170.59
169.98
169.38
168.79
168.17
167.58
167.03
166.47
165.92
165.39
164.85
164.29
163.75
163.21
162.65
162.12
161.58
161.02
160.47
159.92
159.37
158.72
158.10
157.55
156.99
156.44
155.97
155.51
154.88
154.33
153.77
153.24
152.60
152.04
151.51
150.89
150.29
149.81
149.24
148.64
148.06
147.51
146.87
146.30
145.66
145.14
144.46
143.90
143.32
142.74
142.12
141.57
140.99
140.42
139.86
139.27
138.69
138.12
137.56
136.98
136.43
135.89
135.34
134.79
134.27
133.75
133.21
132.69
132.18
131.68
131.20
130.74
130.28
129.82
129.35
128.88
128.43
128.00
127.57
127.14
126.72
126.25
125.81
125.36
124.98
124.51
124.07
123.60
123.14
122.60
122.15
121.81
121.39
120.96
120.54
120.15
119.66
119.28
118.90
118.51
118.12
117.71
117.28
116.89
116.48
116.05
115.65
115.23
114.77
114.31
113.85
113.36
112.88
112.44
112.01
111.58
111.16
110.71
110.24
109.77
109.32
108.87
108.43
107.91
107.47
99.27
98.90
98.52
90.68
90.11
90.11
89.46
89.05
96.09
95.89
102.83
102.58
102.12
101.74
101.26
100.83
100.40
99.96
99.58
99.22
98.72
98.33
97.95
97.56
97.08
96.71
96.33
95.89
95.42
95.14
94.85
94.40
94.13
93.77
93.41
93.06
92.71
92.35
92.07
91.73
91.39
91.15
90.81
90.50
90.18
89.85
89.51
89.21
88.89
88.56
88.24
87.93
87.61
87.30
86.98
86.68
86.36
86.05
85.73
85.42
85.10
84.81
84.51
84.21
83.90
83.53
83.23
82.91
82.60
82.31
82.03
81.80
81.51
81.20
80.91
80.68
80.29
80.05
79.68
79.35
79.06
78.70
78.35
78.16
77.87
77.57
77.33
77.00
76.67
76.36
76.03
75.72
75.30
74.90
74.60
74.31
74.00
73.85
73.66
73.37
73.08
72.81
72.46
72.18
71.81
71.51
71.21
70.88
70.49
70.27
69.97
69.66
69.42
69.20
68.81
68.50
68.21
67.92
67.65
67.48
67.21
66.94
66.74
66.52
66.10
65.73
65.34
64.98
64.56
64.38
64.08
63.87
63.48
63.22
62.96
62.79
62.45
62.29
62.09
61.81
61.58
61.40
61.17
60.83
60.49
60.19
59.92
59.62
59.35
59.04
58.76
58.58
58.34
58.17
57.94
57.68
57.32
57.06
56.81
56.70
56.51
56.30
55.97
55.74
55.46
55.21
54.96
54.79
54.60
54.48
54.30
54.19
54.02
53.85
53.53
53.35
53.03
52.86
52.52
52.35
52.01
51.85
51.51
51.24
50.90
50.63
50.28
50.04
49.89
49.65
49.33
49.09
48.77
48.44
48.27
48.10
47.83
47.74
47.68
47.34
47.12
46.89
46.67
46.35
46.39
46.13
45.87
45.61
45.45
44.95
44.73
44.59
44.45
44.03
43.77
43.67
43.29
42.83
42.75
42.49
42.07
42.01
41.75
41.30
41.28
41.14
40.74
40.47
40.19
39.92
39.66
39.31
39.04
39.08
38.69
38.30
38.02
37.75
37.29
36.85
36.50
36.45
36.22
35.76
35.72
35.50
35.04
34.90
34.77
34.63
34.32
34.18
33.88
33.57
33.02
32.86
32.42
31.98
31.80
31.61
31.38
31.18
30.97
30.76
30.31
29.87
29.69
29.48
29.11
28.89
28.66
28.27
27.91
27.55
27.29
27.02
26.93
26.98
27.13
26.93
26.74
26.37
26.50
26.01
25.86
26.47
26.26
25.41
26.01
25.58
25.53
25.30
25.24
24.00
23.97
22.73
22.50
22.03
22.13
21.82
25.32
25.21
25.27
25.00
24.90
20.97
20.60
20.30
19.91
19.51
19.58
19.65
19.45
19.29
19.11
18.66
18.21
17.76
17.74
17.48
17.29
17.29
17.29
16.87
16.87
16.61
16.36
16.10
16.06
15.80
15.56
15.30
15.07
14.80
14.80
14.75
14.76
14.78
14.77
14.54
14.54
14.31
14.04
13.63
13.80
13.80
14.00
13.84
13.86
13.28
12.68
12.06
11.81
11.55
11.32
11.28
11.07
11.03
10.98
11.63
11.67
11.54
11.39
11.98
11.47
11.19
11.45
11.65
10.76
10.97
10.77
10.40
18.58
18.42
18.44
18.46
18.48
15.99
15.97
15.95
15.75
16.26
10.02
10.75
9.83
9.97
10.09
10.06
9.21
10.02
9.93
8.93
8.98
9.23
9.14
8.87
8.77
8.49
8.17
7.62
8.36
8.57
8.61
8.51
8.60
8.15
8.05
8.13
8.37
8.11
7.62
7.31
6.99
6.85
6.87
7.48
7.73
7.99