400.56
400.33
400.50
399.82
399.47
399.10
399.22
398.45
398.46
397.67
397.52
396.68
396.75
395.80
395.36
394.95
394.50
393.94
393.52
393.56
392.80
392.55
392.61
392.32
392.08
391.40
391.24
391.52
391.00
391.67
391.12
390.95
390.35
389.77
390.11
390.37
389.80
389.68
389.56
389.77
389.20
388.93
388.72
388.12
388.05
388.24
388.00
388.17
386.99
387.25
386.56
386.32
386.41
385.70
385.45
385.51
384.73
384.37
383.95
383.95
383.15
383.15
382.32
381.88
381.43
381.00
380.56
380.56
379.87
379.74
379.31
379.39
378.40
377.88
377.54
377.06
376.07
376.01
375.16
374.73
374.66
374.35
373.48
373.01
372.55
372.07
371.49
371.07
370.70
370.22
370.22
369.79
368.79
368.90
368.00
367.54
367.46
367.01
366.58
366.03
365.91
364.97
364.81
363.79
363.20
362.19
362.07
361.33
360.72
360.44
359.45
358.76
357.51
356.75
356.43
355.67
354.51
353.79
353.48
352.31
352.02
350.82
350.58
349.52
348.76
348.47
347.00
346.31
346.24
345.52
344.84
344.29
343.50
342.42
341.89
341.63
340.62
339.84
339.28
338.73
338.04
337.41
336.83
336.11
335.45
334.73
334.30
333.29
332.50
331.78
330.98
330.19
329.45
328.65
328.32
327.26
326.43
325.64
325.03
324.29
323.41
322.59
321.79
321.08
320.28
319.57
319.01
318.29
317.98
316.90
316.06
315.82
314.65
314.39
313.72
312.70
312.03
311.48
310.72
310.02
309.30
308.58
307.86
307.67
306.40
306.13
304.98
304.22
303.45
302.23
301.84
301.14
300.26
299.01
298.10
297.67
296.39
296.03
295.05
293.87
293.30
292.39
291.48
290.13
289.68
288.87
287.57
286.68
285.77
284.96
284.12
283.32
282.41
281.71
281.33
280.57
279.41
278.62
277.92
277.13
276.48
275.63
274.93
274.30
273.46
272.79
272.12
271.35
270.63
269.68
268.95
268.19
267.39
266.60
265.79
264.97
264.20
263.37
262.46
261.64
260.83
260.03
259.33
258.45
257.73
256.91
256.12
255.35
254.54
253.89
253.17
252.47
252.21
251.11
250.39
249.69
248.92
248.18
247.37
247.11
245.98
245.23
244.54
243.89
243.20
242.54
241.94
241.11
240.37
239.67
239.04
238.25
237.73
236.91
236.19
235.52
234.82
234.18
233.46
232.37
232.13
230.96
230.79
230.05
229.40
228.58
227.97
226.88
226.62
225.56
225.44
224.29
223.79
223.40
222.74
221.78
221.06
220.43
219.88
219.26
218.56
218.29
217.24
216.62
215.97
215.39
214.86
214.24
213.69
213.07
212.45
211.73
211.22
210.58
210.29
209.42
208.78
208.12
207.53
206.90
206.21
205.61
205.06
204.22
203.64
203.04
202.40
201.70
201.05
200.36
199.75
199.18
198.58
197.96
197.31
196.71
196.21
195.54
194.98
194.36
193.78
193.14
192.46
191.87
191.26
190.76
190.16
189.64
189.11
188.50
187.95
187.42
186.80
186.28
185.61
184.62
184.48
183.63
183.04
182.87
182.34
181.81
181.17
180.62
180.11
179.54
179.01
178.02
177.74
177.28
176.32
176.15
175.43
174.55
174.00
173.82
172.84
172.22
171.69
171.16
170.63
169.99
169.36
169.30
168.21
167.66
167.11
167.06
166.44
165.46
164.83
164.23
163.63
163.20
162.65
162.12
161.59
161.11
160.59
160.39
159.60
159.07
158.64
158.09
157.66
157.13
156.67
156.10
155.65
155.21
154.76
154.32
153.78
153.41
152.88
152.43
151.91
151.47
151.02
150.58
150.08
149.48
149.05
148.50
148.04
147.61
147.18
146.62
146.10
145.65
145.12
144.61
144.04
143.22
143.15
102.64
141.01
102.23
140.03
101.94
140.92
99.08
139.17
100.70
137.71
138.09
137.59
137.17
136.62
136.19
135.73
135.36
134.75
134.22
133.41
133.22
132.31
131.80
131.73
130.96
130.85
130.01
130.01
129.59
129.14
128.68
128.33
127.87
127.51
127.06
126.62
126.09
125.73
124.92
124.83
124.03
124.03
123.60
122.78
122.76
122.33
121.89
121.51
121.08
120.74
119.91
120.00
119.55
118.73
118.87
118.37
117.48
117.24
117.13
116.33
116.41
115.88
115.40
115.08
114.29
114.37
113.91
113.46
112.57
112.21
111.39
111.39
111.05
110.96
110.26
109.81
109.43
108.99
109.02
108.20
107.63
107.74
107.31
66.44
106.45
64.78
105.66
64.64
104.58
63.52
103.28
63.25
102.78
62.12
101.94
61.40
101.96
61.28
100.28
60.97
100.79
59.27
99.25
60.45
97.57
60.32
96.40
60.13
95.66
60.01
94.67
59.42
94.36
59.15
93.19
60.04
91.68
61.28
90.72
59.73
94.29
94.02
93.31
93.86
92.94
92.73
92.51
92.27
91.87
91.58
91.50
91.70
91.00
90.62
89.92
90.07
89.81
89.45
89.11
88.84
88.56
88.22
87.84
87.60
86.81
86.52
86.16
86.25
85.97
85.25
85.36
84.64
84.74
83.98
84.09
83.49
83.55
83.19
82.95
82.56
82.65
82.30
81.69
80.86
80.95
80.60
80.36
80.09
79.73
79.35
78.62
77.91
77.90
78.08
77.74
76.88
76.52
76.18
76.37
76.01
75.73
75.25
74.69
74.76
73.87
74.02
73.42
73.42
73.11
72.78
72.61
71.89
71.07
71.70
70.92
70.98
70.74
70.49
69.77
69.97
69.13
69.22
68.94
68.69
68.33
68.07
67.35
67.54
66.80
66.58
66.39
65.99
66.54
58.79
65.14
57.54
65.14
56.23
35.11
53.08
37.08
50.34
40.63
47.61
40.65
47.69
40.65
45.33
41.66
43.66
42.05
42.88
42.46
41.06
42.12
42.14
60.75
60.47
60.20
60.01
59.73
59.73
59.03
58.74
58.45
58.09
57.37
57.52
57.21
56.90
56.63
55.93
56.08
55.67
55.38
54.64
54.67
54.45
54.50
54.23
53.89
53.20
53.71
52.53
52.68
52.34
52.02
51.67
50.99
50.64
50.40
50.47
50.27
49.94
49.58
49.24
48.67
48.31
47.88
47.54
47.71
47.35
46.96
47.16
46.34
47.06
45.84
45.45
45.53
44.74
45.34
44.14
43.73
43.94
43.24
42.84
43.05
41.85
42.84
41.64
41.14
41.33
40.51
40.37
41.83
39.69
39.46
40.39
39.69
38.54
38.21
39.14
38.07
37.85
38.78
38.09
36.94
36.24
37.63
36.48
35.77
35.02
34.85
36.24
35.09
34.40
34.18
33.91
33.65
33.39
33.13
32.98
32.74
32.50
32.88
32.74
32.48
32.21
31.97
31.73
31.57
30.78
30.41
30.15
29.89
29.62
29.36
29.10
28.85
28.69
28.43
28.16
27.90
27.54
27.80
27.54
26.39
26.10
26.79
27.92
25.91
25.62
25.33
24.94
27.80
24.06
23.79
24.47
28.16
23.60
23.31
23.02
24.16
22.14
21.76
21.47
22.16
22.43
21.28
20.99
20.70
20.07
20.70
20.37
19.64
20.32
18.80
19.43
18.80
19.43
18.78
18.47
17.84
17.20
17.73
18.14
17.51
16.88
16.22
16.55
15.92
16.55
16.86
16.24
15.69
15.92
15.28
14.77
15.09
15.26
14.77
15.09
15.26
14.54
15.09
14.13
13.50
13.79
13.21
13.50
12.91
13.21
12.73
13.00
12.42
11.71
12.02
12.33
11.73
11.15
11.44
10.96
11.25
11.54
12.31
10.86
11.15
12.02
10.56
11.44
10.07
11.83
10.38
11.25