101.69
101.82
101.60
101.60
101.64
101.60
101.78
101.78
101.83
101.83
101.74
102.19
101.89
101.93
101.70
101.79
101.69
101.82
101.60
101.60
101.64
101.60
101.78
101.78
101.83
101.83
101.74
103.25
102.93
102.89
102.48
102.39
102.20
102.05
101.95
101.85
101.66
101.66
101.75
101.71
101.83
101.88
101.74
101.83
101.57
101.57
101.57
101.58
101.44
101.48
101.57
101.53
101.53
101.53
101.61
101.61
101.52
101.55
101.77
101.78
101.64
101.68
101.60
101.56
101.69
101.70
101.66
101.66
101.49
101.49
101.44
101.44
101.52
101.53
101.48
101.55
101.77
101.69
101.74
101.70
101.69
101.74
101.62
101.61
101.57
101.54
101.36
101.40
101.36
101.39
101.40
101.32
101.44
101.49
101.53
101.49
101.62
101.62
101.74
101.79
101.96
101.95
102.00
102.04
102.13
102.10
102.01
102.08
101.99
101.98
102.12
101.89
102.16
101.85
101.89
101.63
101.76
101.68
101.87
101.74
101.74
101.71
101.62
101.66
101.66
101.77
101.83
101.60
101.65
101.47
101.47
101.56
101.60
101.69
101.65
101.61
101.61
101.57
101.56
101.61
101.56
101.70
101.66
101.65
101.69
101.74
101.70
101.83
101.87
101.70
101.75
101.57
101.61
101.43
101.43
101.39
101.42
101.34
101.30
101.47
101.43
101.51
101.51
101.60
101.60
101.55
101.55
101.56
101.56
101.55
101.59
101.64
101.60
101.64
101.64
101.87
101.83
101.83
101.79
101.80
101.76
101.71
101.75
101.75
101.75
101.62
101.62
101.57
101.64
101.82
101.83
101.80
101.80
101.66
101.67
101.58
101.65
101.87
101.81
101.63
101.63
101.84
101.75
102.02
101.97
102.28
102.02
102.15
101.79
101.97
101.77
101.78
101.78
101.83
101.65
101.65
101.61
101.53
101.70
101.74
101.86
101.87
101.65
101.65
101.56
101.56
101.56
101.60
101.65
101.61
101.52
101.55
101.77
101.73
101.95
101.95
102.08
102.14
101.92
101.96
101.79
101.72
101.71
101.75
101.75
101.73
101.55
101.55
101.76
101.77
101.81
101.82
101.82
101.83
101.87
101.76
102.04
101.90
102.04
101.94
102.25
101.97
102.06
101.97
102.02
102.10
102.10
101.96
101.97
101.87
101.91
101.83
101.79
101.79
101.79
101.57
101.54
101.58
101.62
101.63
101.55
101.79
101.88
101.93
101.71
101.88
101.97
102.10
101.87
102.06
102.00
102.19
102.05
102.10
102.04
102.17
102.08
102.16
102.29
102.26
102.21
102.13
102.13
101.92
102.09
102.10
102.19
101.93
102.02
101.96
102.02
101.93
101.97
102.05
102.17
101.83
101.79
101.88
101.88
101.88
101.97
101.70
101.75
101.61
101.53
101.61
101.61
101.57
101.57
101.39
101.39
101.47
101.47
101.51
101.51
101.51
101.51
101.51
101.47
101.60
101.60
101.69
101.69
101.78
101.78
101.82
101.83
101.78
101.82
101.65
101.65
101.64
101.64
101.60
101.64
101.64
101.66
101.62
101.62
101.66
101.66
101.80
101.76
101.81
101.78
101.87
101.81
102.03
101.94
102.21
102.03
102.11
101.75
101.88
101.73
101.78
101.77
101.77
101.64
101.64
101.56
101.57
101.69
101.69
101.69
101.74
101.56
101.60
101.65
101.60
101.74
101.66
101.78
101.82
101.95
101.92
102.00
101.96
102.10
102.06
102.16
102.09
102.23
101.94
101.90
101.84
101.99
101.94
101.98
101.92
101.92
101.97
101.94
102.10
102.14
102.14
102.13
102.10
102.06
102.15
102.12
102.11
102.06
102.19
101.93
101.98
101.89
101.99
101.88
101.97
101.65
101.75
101.57
101.53
101.61
101.62
101.74
101.78
101.83
101.74
102.00
102.04
102.31
102.23
102.27
102.32
102.11
102.08
102.12
102.00
102.10
101.88
101.91
101.90
102.08
102.03
102.25
102.05
102.14
101.96
101.95
102.00
102.01
102.01
102.05
102.05
102.05
102.28
101.97
102.32
102.31
102.40
102.22
102.27
102.14
102.14
102.05
102.08
102.35
102.28
102.24
102.24
102.33
102.28
102.37
102.19
102.28
102.15
102.11
102.05
102.17
102.17
102.18
102.09
102.14
102.32
102.15
102.19
102.15
102.24
102.11
102.12
102.15
102.33
102.23
102.28
102.22
102.23
102.23
102.24
102.15
102.16
101.94
101.94
101.95
101.73
101.91
101.81
101.87
101.63
101.81
101.66
101.88
101.80
101.79
101.92
101.92
101.97
101.97
102.01
102.06
102.19
102.15
102.02
102.11
102.11
102.11
102.15
102.01
102.27
102.18
102.18
102.09
102.35
102.21
102.26
102.12
102.17
102.25
102.23
102.05
102.13
102.22
102.05
102.18
102.13
102.27
102.17
102.27
102.08
102.34
102.26
102.27
102.26
102.27
102.32
102.36
102.45
102.27
102.44
102.23
102.27
102.16
102.26
102.08
102.16
102.08
102.09
102.22
102.14
102.28
102.05
102.22
102.14
102.23
101.97
102.06
102.00
102.05
102.09
102.17
102.31
102.24
102.28
102.32
102.50
102.28
102.32
102.23
102.24
102.14
102.23
102.22
102.31
102.27
102.27
102.40
102.32
102.41
102.41
102.41
102.32
102.33
102.20
102.20
102.14
102.19
102.19
102.20
102.15
102.15
102.20
102.16
102.25
102.20
102.29
102.24
102.29
102.19
102.24
102.23
102.29
102.32
102.28
102.33
102.23
102.28
102.19
102.24
102.22
102.28
102.17
102.18
102.18
102.19
102.20
102.20
102.25
102.24
102.29
102.02
102.11
101.97
102.10
102.04
102.17
102.11
102.16
102.16
102.12
102.34
102.30
102.44
102.32
102.36
102.23
102.32
102.28
102.28
102.23
102.23
102.14
102.14
102.18
102.22
102.27
102.05
102.14
102.14
102.23
102.13
102.26
102.22
102.23
102.17
102.22
102.21
102.17
102.17
102.17
102.23
102.05
102.17
102.08
102.17
101.99
102.22
101.94
101.99
101.91
101.95
102.04
102.00
102.09
102.07
102.20
102.16
102.42
102.24
102.33
102.20
102.29
102.11
102.11
102.09
102.13
102.08
102.13
102.04
102.07
102.25
102.22
102.34
102.34
102.30
102.22
102.27
102.23
102.45
102.32
102.28
102.22
102.25
102.28
102.33
102.37
102.32
102.32
102.18
102.28
102.23
102.28
102.22
102.18
102.10
102.10
102.10
102.11
102.23
102.15
102.19
102.14
102.20
102.24
102.28
102.24
102.28
102.23
102.23
102.23
102.24
102.24
102.24
102.20
102.15
102.20
102.20
102.29
102.24
102.29
102.23
102.29
102.23
102.25
102.16
102.17
102.16
102.16
102.21
102.20
102.29
102.10
102.20
102.18
102.32
102.35
102.38
102.15
102.16
102.12
102.09
102.27
102.14
102.14
102.09
102.13
101.80
102.02
101.97
102.01
101.96
102.00
102.09
102.18
102.04
102.04
102.35
102.32
102.18
102.23
102.23
101.98
101.98
101.84
102.07
101.98
102.02
101.97
102.20
101.93
102.02
102.23
102.23
102.23
102.19
102.15
102.11
102.10
102.06
102.33
102.01
102.06
102.06
102.20
101.92
102.01
101.95
102.00
102.05
102.05
102.32
102.28
102.24
102.15
102.42
102.16
102.21
102.16
102.12
102.12
102.12
102.01
102.14
102.10
102.10
102.09
102.13
101.95
101.99
101.90
101.91
102.00
101.98
102.02
102.02
102.28
102.19
102.46
102.24
102.33
102.14
102.14
102.09
102.14
101.91
101.91
101.69
101.69
101.70
101.66
101.70
101.78
101.74
101.71
101.92
101.92
102.23
101.93
102.11
102.09
102.09
102.08
102.17
102.06
102.11
101.80
101.80
102.02
102.06
102.07
102.26
101.95
101.95
102.00
102.05
102.36
102.27
102.33
102.32
102.32
102.23
102.46
102.37
102.42
102.28
102.25
102.30
102.29
102.29
102.11
102.16
102.21
102.25
102.21
102.25
102.19
102.20
102.20
102.17
102.39
102.34
102.30
102.34
102.43
102.20
102.29
102.24
102.24
102.18
102.18
102.18
102.19
102.15
102.15
102.37
102.19
102.28
102.23
102.28
102.23
102.28
102.09
102.14
101.87
101.92
101.87
101.87
101.83
101.83
101.79
101.82
101.96
101.93
102.01
102.02
102.15
102.10
102.23
102.01
102.10
101.92
101.98
102.00
102.22
102.16
102.21
102.17
102.14
102.31
102.24
102.33
102.27
102.24
102.12
102.12
102.11
102.20
102.14
102.23
102.08