394.73
394.55
394.63
394.60
394.57
395.12
395.08
394.96
394.88
394.63
394.61
394.57
394.62
394.85
394.82
394.97
395.07
395.14
394.95
395.11
395.04
395.10
395.25
395.42
395.56
395.68
395.73
395.80
395.83
395.78
395.83
395.93
395.75
395.68
395.66
395.62
395.53
395.57
395.58
395.43
395.37
395.32
395.18
395.04
394.93
394.66
394.36
394.19
393.90
393.60
393.30
392.98
392.57
392.49
392.15
392.01
391.79
393.52
394.98
394.53
393.85
393.34
390.84
388.16
387.80
387.16
386.41
385.57
384.79
383.97
383.24
382.49
381.81
381.22
380.36
379.56
378.71
377.86
376.97
376.20
375.49
374.76
373.93
373.22
372.43
371.77
371.04
370.42
369.73
369.11
368.46
367.82
367.14
366.47
365.82
365.07
364.41
363.72
363.00
362.25
361.40
360.50
359.60
358.79
357.94
357.09
356.30
355.50
354.51
353.49
352.58
351.68
350.72
349.92
349.07
348.19
347.29
346.37
345.39
344.58
343.71
342.78
342.00
341.32
340.50
339.85
339.21
338.53
337.76
336.96
336.09
335.21
334.37
333.53
332.79
332.12
331.46
330.69
329.90
329.12
328.23
327.32
326.48
325.65
324.81
323.95
323.08
322.20
321.29
320.27
319.35
318.41
317.47
316.46
315.53
314.52
313.51
312.51
311.58
310.67
309.78
308.90
308.03
307.16
306.32
305.49
304.68
303.90
303.13
302.36
301.58
300.83
300.07
299.33
298.60
297.86
297.09
296.32
295.53
294.72
293.91
293.07
292.21
291.36
290.49
289.51
288.61
287.62
286.59
285.57
284.65
283.64
282.73
281.80
280.89
280.05
279.21
278.30
277.43
276.61
275.64
274.79
273.94
273.06
272.12
271.26
270.32
269.47
268.66
267.87
267.09
266.34
265.59
264.83
264.07
263.29
262.49
261.67
260.86
260.03
259.22
258.40
257.60
256.78
255.96
255.11
254.27
253.42
252.55
251.71
250.88
250.02
249.16
248.34
247.52
246.72
245.93
245.15
244.33
243.53
242.75
241.97
241.20
240.46
239.72
238.99
238.30
237.62
236.94
236.29
235.61
234.93
234.27
233.60
232.93
232.28
231.65
231.03
230.42
229.81
229.21
228.59
227.96
227.31
226.67
226.00
225.34
224.66
223.99
223.32
222.66
221.98
221.21
220.52
219.85
219.06
218.36
217.76
217.06
216.33
215.69
214.88
214.15
213.32
212.59
211.79
211.08
210.37
209.69
208.91
208.21
207.59
206.80
206.18
205.57
204.88
204.19
203.61
202.95
202.25
201.66
200.93
200.19
199.46
198.75
198.06
197.44
196.83
196.32
195.73
195.14
194.56
193.97
193.29
192.71
192.13
191.62
191.03
190.54
189.95
189.37
188.71
188.12
187.48
186.90
186.30
185.72
185.16
184.56
183.98
183.40
182.79
182.17
181.54
180.91
180.30
179.69
179.08
178.48
177.89
177.28
176.67
176.07
175.46
174.84
174.22
173.60
172.99
172.38
171.78
171.17
170.56
169.97
169.38
168.77
168.14
167.61
167.06
166.49
165.94
165.46
164.88
164.32
163.80
163.27
162.76
162.18
161.66
161.14
160.63
160.09
159.67
159.19
158.71
158.23
157.77
157.22
156.72
156.23
155.66
155.18
154.76
154.23
153.67
153.20
152.74
152.28
151.88
151.52
151.13
150.66
150.18
149.71
149.21
148.73
148.15
147.55
147.02
146.43
145.93
145.54
145.15
144.60
144.10
143.53
142.92
142.36
141.85
141.36
140.94
140.48
139.97
139.50
139.02
138.47
137.99
137.61
137.15
136.68
136.21
135.75
135.19
134.82
134.34
133.86
133.41
133.06
132.50
132.07
131.72
131.35
130.92
130.61
130.27
129.85
129.44
129.01
128.59
128.18
127.76
127.34
126.91
126.48
126.07
125.66
125.16
124.77
124.36
123.94
123.53
123.12
122.72
122.23
121.73
121.25
120.93
120.54
120.24
119.95
119.59
119.23
118.87
118.51
118.13
117.81
117.41
117.00
116.57
116.17
115.76
115.24
114.72
114.21
113.67
113.22
112.80
112.37
111.93
111.52
111.02
110.59
110.15
109.71
109.26
108.83
108.40
107.99
107.69
107.30
106.89
106.48
106.05
105.57
105.15
104.76
104.39
104.03
103.63
103.25
102.94
102.55
102.14
101.77
101.36
100.88
100.47
100.07
99.65
99.33
98.97
98.64
98.31
98.01
97.65
97.31
96.96
96.62
96.26
95.90
95.55
95.22
94.88
94.53
94.21
93.87
93.56
93.24
92.85
92.53
92.23
91.89
91.54
91.31
90.99
90.65
90.33
90.02
89.70
89.37
89.06
88.78
88.45
88.15
87.88
87.59
87.29
87.03
86.74
86.45
86.17
85.89
85.62
85.36
85.09
84.82
84.55
84.26
83.97
83.69
83.40
83.13
82.85
82.56
82.28
82.01
81.70
81.42
81.13
80.87
80.56
80.26
79.98
79.68
79.35
79.04
78.78
78.51
78.26
77.99
77.73
77.42
77.10
76.79
76.49
76.20
75.91
75.61
75.27
74.97
74.69
74.33
73.97
73.73
73.45
73.13
72.93
72.74
72.43
72.17
71.89
71.59
71.21
70.85
70.54
70.26
69.98
69.69
69.50
69.14
68.88
68.52
68.32
68.03
67.75
67.45
67.25
66.92
66.67
66.53
66.27
66.12
66.04
65.84
65.64
65.39
65.03
64.72
64.41
64.04
63.85
63.62
63.34
63.06
62.92
62.64
62.32
62.09
61.91
61.54
61.29
61.21
60.96
60.69
60.54
60.32
59.92
59.59
59.36
59.11
58.88
58.66
58.56
58.30
58.10
57.81
57.72
57.52
57.39
57.17
57.09
56.78
56.58
56.30
56.12
55.86
55.69
55.33
55.16
54.93
54.71
54.56
54.53
54.32
54.16
53.93
53.69
53.45
53.21
52.98
52.84
52.55
52.32
52.08
51.78
51.53
51.32
51.08
50.94
50.70
50.47
50.24
49.96
49.75
49.54
49.28
49.16
48.92
48.61
48.47
48.21
47.95
47.82
47.75
47.64
47.70
47.48
47.24
46.93
46.58
46.25
46.19
45.95
45.71
45.49
45.27
45.04
44.82
44.58
44.40
44.22
43.76
43.50
43.28
43.06
42.84
42.62
42.41
42.14
41.88
41.42
41.15
40.90
40.66
40.60
40.82
40.84
40.75
40.64
40.17
39.45
38.94
38.53
38.13
37.83
37.94
38.04
38.04
37.94
37.74
37.23
36.64
36.13
35.72
35.74
35.65
35.56
35.37
35.18
34.77
34.44
34.21
34.06
33.91
33.66
33.50
33.35
33.19
32.92
32.66
32.27
31.98
31.70
31.52
31.35
31.03
30.88
30.56
30.28
30.09
30.03
29.57
29.36
29.13
28.90
28.53
28.43
28.35
28.37
28.13
28.13
27.96
27.79
27.44
27.53
27.36
27.21
27.06
26.91
26.42
26.21
26.14
25.89
25.81
25.73
25.67
25.45
25.42
25.20
25.17
24.92
24.67
24.41
24.16
23.93
23.89
24.14
24.22
24.12
24.01
23.71
23.28
22.86
22.80
22.74
22.69
22.94
23.19
23.08
22.96
22.83
22.23
21.82
21.59
21.36
21.15
21.11
21.05
21.11
20.99
21.03
20.89
20.77
20.83
20.70
20.60
20.69
20.50
20.20
20.18
20.16
19.90
19.90
19.90
19.73
19.49
19.49
19.50
19.24
19.21
19.28
19.28
19.02
19.02
18.98
18.91
18.66
18.66
18.57
18.32
18.07
18.00
17.94
17.90
17.84
17.77
17.71
17.64
17.38
17.32
17.26
17.26
17.19
17.13
17.13
17.06
16.99
16.76
16.69
16.63
16.57
16.44
16.55
16.68
16.55
16.43
16.57
16.45
16.32
16.38
16.70
16.55
16.61
16.68
16.55
16.17
16.23
16.10
15.98
16.11
16.24
16.11
16.43
16.55
16.61
16.68
