102.37
100.94
102.81
100.62
102.28
102.37
101.85
102.39
101.82
102.37
101.36
102.73
101.37
102.35
101.94
101.84
102.37
101.37
102.37
101.36
102.73
100.60
102.37
101.48
101.82
102.37
101.36
102.73
101.37
102.35
101.94
102.35
101.37
102.35
102.01
101.91
101.91
101.37
102.37
100.48
103.17
100.98
102.73
102.01
101.82
102.80
100.93
102.80
101.36
102.71
101.82
102.71
101.82
102.37
101.92
102.27
102.37
102.20
103.17
100.93
102.81
101.84
102.73
101.37
102.37
102.01
102.28
102.45
101.79
103.16
101.37
102.37
101.84
102.73
100.96
102.75
100.60
102.30
102.30
101.84
102.73
101.84
102.71
101.39
102.75
101.84
102.71
101.39
102.73
102.01
101.84
102.73
101.39
102.71
101.39
102.71
101.82
102.73
100.93
102.73
102.03
102.27
102.35
101.82
102.37
100.93
102.71
101.37
102.37
102.03
101.84
102.42
101.37
102.37
100.93
102.73
100.93
102.80
102.01
102.27
102.45
101.82
102.35
101.37
102.37
100.91
102.73
100.58
102.37
101.92
101.91
101.91
100.94
102.73
100.94
102.75
102.03
101.85
102.32
101.84
102.73
101.39
102.73
101.37
102.37
101.84
102.73
102.03
101.82
102.71
101.39
102.71
101.37
102.73
101.39
102.71
101.82
102.80
101.03
102.73
102.03
101.85
102.37
101.82
102.71
101.37
102.35
100.93
102.80
102.03
102.27
102.37
101.37
102.35
101.37
102.73
100.93
102.81
101.49
102.35
102.01
102.27
102.37
101.37
102.35
101.36
102.78
101.37
102.37
102.01
102.28
102.35
101.84
102.37
101.37
102.37
100.48
103.17
102.04
102.27
102.45
101.36
102.80
101.36
102.80
101.36
102.81
100.94
102.80
101.58
101.84
102.71
101.39
102.73
100.93
102.81
101.37
102.37
101.94
101.91
102.03
102.27
102.35
101.39
102.71
101.82
102.80
101.37
102.35
102.01
102.27
102.45
101.82
102.37
101.37
102.37
100.93
102.81
101.75
103.16
102.03
101.84
102.85
100.93
102.80
101.37
102.71
101.82
102.80
101.37
102.35
102.01
101.91
101.92
101.84
102.71
101.36
102.73
101.39
102.75
101.00
103.19
102.03
101.82
102.71
100.93
102.80
100.93
102.73
100.93
102.80
102.01
101.91
101.92
101.84
102.71
101.37
102.71
101.37
102.71
101.37
102.71
102.03
102.27
102.35
100.91
102.80
101.39
102.81
100.48
103.16
101.92
101.92
102.03
101.84
102.73
101.37
102.73
101.39
102.73
100.50
102.75
102.03
101.84
102.71
101.39
102.73
101.39
102.71
101.82
102.37
101.82
102.73
102.03
101.84
102.73
101.39
102.73
101.82
102.75
101.37
102.37
101.37
102.37
101.94
101.85
102.35
101.37
102.35
101.36
102.73
101.39
102.71
102.28
102.37
101.94
101.84
102.73
101.84
102.80
101.37
102.35
100.93
102.80
101.96
101.82
102.90
101.36
102.80
101.36
102.80
101.37
102.78
101.37
102.78
101.91
101.92
102.04
101.84
102.78
101.82
102.80
101.37
102.35
101.80
102.81
102.20
103.19
102.03
101.84
102.80
101.46
102.37
101.85
102.35
100.93
102.81
100.60
102.28
102.47
101.84
102.37
101.39
102.81
100.48
103.17
99.78
102.42
101.92
100.93
102.73
100.93
102.80
101.92
102.28
102.45
101.82
102.37
101.82
102.71
101.37
102.80
101.36
102.78
101.03
102.80
102.03
102.28
102.37
102.28
102.37
101.37
102.37
101.84
102.37
100.58
102.37
101.46
101.82
102.37
101.82
102.40
100.93
102.81
101.56
101.84
102.73
101.37
102.35
101.37
102.80
100.94
102.81
100.58
102.37
101.92
101.39
102.37
100.93
102.80
101.36
102.80
102.03
101.84
102.73
101.37
102.37
101.84
102.73
100.94
102.81
100.93
102.81
101.94
102.30
102.32
101.84
102.37
101.84
102.73
101.39
102.81
100.58
102.39
101.94
101.92
101.84
101.92
101.92
101.39
102.37
101.85
102.37
101.92
102.28
102.39
101.84
102.35
101.39
102.80
101.36
102.80
101.48
101.92
102.03
101.92
101.91
101.37
102.37
100.48
102.80
102.01
101.91
101.91
101.82
102.73
101.39
102.78
101.82
102.73
101.82
102.71
102.01
101.91
101.91
101.82
102.80
100.93
102.81
101.82
102.81
100.58
102.35
102.03
101.91
101.48
101.82
102.37
100.93
102.80
102.01
102.28
102.47
101.82
102.80
101.37
102.71
101.84
102.73
100.96
102.73
101.82
102.35
102.01
102.27
102.37
102.27
102.37
100.93
102.73
100.94
102.80
101.49
102.35
102.03
101.91
101.91
101.39
102.75
101.37
102.35
101.41
102.28
102.45
101.82
102.37
102.27
102.35
101.37
102.37
100.93
102.80
102.01
101.91
102.01
102.27
102.35
101.82
102.37
101.39
102.37
100.58
102.37
101.13
101.84
102.37
101.39
102.37
100.93
102.80
102.03
102.27
102.40
101.84
102.80
100.93
102.81
102.27
102.35
100.93
102.81
101.49
101.92
101.91
101.84
102.37
101.37
102.37
100.94
102.73
102.01
101.91
101.92
101.82
102.37
101.84
102.37
100.93
102.80
101.99
102.27
102.45
101.82
102.37
101.84
102.37
100.94
102.73
100.94
102.75
102.01
102.28
102.37
101.84
102.39