102.79
102.79
102.79
102.79
102.80
102.80
102.80
102.80
102.80
102.79
102.79
102.79
102.79
102.79
102.80
102.80
102.79
102.79
102.79
102.79
103.36
103.35
103.34
103.33
103.32
103.30
103.30
103.28
103.27
103.26
103.25
103.24
103.23
103.22
103.20
103.19
103.18
103.17
103.16
103.15
103.14
103.13
103.12
103.11
103.09
103.08
103.06
102.89
102.84
102.82
102.81
102.80
102.78
102.77
102.75
102.73
102.72
102.71
102.70
102.69
102.67
102.66
102.65
102.64
102.63
102.62
102.61
102.59
102.58
102.57
102.55
102.55
102.55
102.55
102.55
102.55
102.55
102.55
102.55
102.55
102.55
102.55
102.55
102.55
102.55
102.55
102.55
102.55
102.55
102.55
102.54
102.54
102.54
102.54
102.54
102.54
102.54
102.69
102.72
102.73
102.73
102.73
102.74
102.73
102.74
102.74
102.74
102.74
102.74
102.74
102.75
102.75
102.75
102.75
102.75
102.74
102.74
102.74
102.74
102.74
102.74
102.74
102.74
102.74
102.74
102.74
102.74
102.74
102.74
102.74
102.75
102.75
102.75
102.74
102.73
102.73
102.73
102.73
102.73
102.73
102.74
102.74
102.74
102.74
102.74
102.75
102.76
102.77
102.77
102.77
102.77
102.76
102.76
102.77
102.77
102.77
102.77
102.77
102.77
102.77
102.77
102.77
102.77
102.77
102.78
102.78
102.78
102.78
102.78
102.78
102.78
102.77
102.77
102.77
102.77
102.76
102.76
102.76
102.76
102.76
102.76
102.75
102.75
102.75
102.75
102.75
102.75
102.75
102.74
102.74
102.74
102.74
102.74
102.74
102.74
102.74
102.74
102.74
102.74
102.74
102.74
102.75
102.75
102.75
102.75
102.75
102.75
102.74
102.74
102.74
102.74
102.74
102.74
102.74
102.74
102.74
102.74
102.74
102.74
102.74
102.74
102.75
102.75
102.75
102.75
102.76
102.76
102.76
102.61
102.57
102.57
102.57
102.58
102.57
102.57
102.56
102.56
102.56
102.57
102.56
102.56
102.55
102.55
102.55
102.55
102.55
102.55
102.55
102.55
102.55
102.55
102.55
102.55
102.55
102.55
102.55
102.55
102.55
102.56
102.56
102.56
102.56
102.56
102.56
102.56
102.56
102.56
102.56
102.56
102.56
102.56
102.55
102.54
102.54
102.53
102.53
102.52
102.37
102.50
102.53
102.54
102.54
102.54
102.55
102.56
102.57
102.57
102.57
102.57
102.58
102.58
102.59
102.59
102.59
102.59
102.59
102.59
102.59
102.59
102.59
102.59
102.59
102.59
102.59
102.58
102.58
102.57
102.57
102.57
102.56
102.56
102.55
102.55
102.54
102.53
102.53
102.53
102.52
102.51
102.51
102.51
102.52
102.51
102.51
102.52
102.52
102.53
102.69
102.71
102.72
102.71
102.70
102.70
102.70
102.70
102.70
102.70
102.70
102.70
102.70
102.70
102.70
102.70
102.70
102.70
102.70
102.70
102.70
102.71
102.70
102.70
102.70
102.70
102.70
102.71
102.71
102.72
102.72
102.72
102.73
102.73
102.74
102.74
102.75
102.76
102.76
102.76
102.77
102.78
102.78
102.77
102.77
102.77
102.77
102.77
102.77
102.76
102.60
102.60
102.60
102.60
102.60
102.60
102.60
102.60
102.60
102.60
102.60
102.60
102.60
102.60
102.60
102.60
102.60
102.60
102.60
102.60
102.59
102.59
102.59
102.59
102.58
102.58
102.58
102.58
102.58
102.58
102.57
102.57
102.56
102.56
102.56
102.56
102.55
102.55
102.55
102.55
102.54
102.54
102.53
102.54
102.54
102.55
102.55
102.55
102.55
102.56
102.72
102.72
102.72
102.73
102.74
102.74
102.74
102.74
102.74
102.74
102.74
102.74
102.74
102.74
102.74
102.74
102.74
102.74
102.74
102.74
102.74
102.75
102.75
102.75
102.75
102.75
102.75
102.75
102.75
102.75
102.76
102.76
102.77
102.77
102.78
102.78
102.78
102.78
102.78
102.78
102.79
102.79
102.80
102.79
102.80
102.80
102.79
102.78
102.78
102.77
102.77
102.77
102.77
102.77
102.77
102.76
102.77
102.77
102.77
102.77
102.76
102.76
102.76
102.76
102.76
102.76
102.76
102.76
102.76
102.76
102.76
102.76
102.76
102.76
102.77
102.77
102.77
102.77
102.77
102.77
102.76
102.76
102.76
102.76
102.76
102.76
102.76
102.76
102.76
102.75
102.75
102.75
102.75
102.75
102.75
102.75
102.76
102.77
102.77
102.78
102.78
102.78
102.78
102.78
102.78
102.78
102.78
102.78
102.78
102.78
102.79
102.79
102.79
102.79
102.79
102.79
102.79
102.79
102.78
102.78
102.78
102.77
102.77
102.76
102.76
102.75
102.75
102.75
102.76
102.76
102.76
102.76
102.76
102.76
102.76
102.76
102.75
102.75
102.75
102.76
102.76
102.76
102.76
102.76
102.76
102.76
102.76
102.76
102.76
102.76
102.76
102.76
102.77
102.77
102.76
102.76
102.76
102.76
102.76
102.75
102.74
102.74
102.73
102.73
102.72
102.72
102.71
102.71
102.72
102.72
102.72
102.71
102.72
102.72
102.73
102.73
102.73
102.73
102.73
102.73
102.73
102.73
102.73
102.74
102.74
102.74
102.74
102.74
102.74
102.73
102.59
102.54
102.40
102.35
102.22
102.21
102.21
102.21
102.21
102.21
102.20
102.20
102.20
102.19
102.19
102.19
102.19
102.18
102.18
102.19
102.19
102.19
102.19
102.19
102.20
102.20
102.20
102.20
102.20
102.20
102.21
102.21
102.21
102.21
102.21
102.21
102.21
102.21
102.21
102.21
102.21
102.21
102.21
102.21
102.21
102.21
102.21
102.21
102.21
102.22
102.36
102.41
102.55
102.60
102.72
102.73
102.73
102.73
102.73
102.73
102.73
102.72
102.72
102.73
102.73
102.74
102.74
102.74
102.74
102.74
102.74
102.73
102.74
102.74
102.74
102.74
102.75
102.75
102.74
102.74
102.74
102.73
102.73
102.73
102.73
102.73
102.73
102.73
102.72
102.72
102.72
102.72
102.72
102.72
102.72
102.72
102.72
102.73
102.73
102.73
102.73
102.73
102.73
102.73
102.73
102.74
102.74
102.74
102.74
102.74
102.75
102.75
102.76
102.76
102.76
102.76
102.76
102.77
102.77
102.77
102.77
102.77
102.61
102.58
102.45
102.39
102.39
102.39
102.39
102.39
102.39
102.39
102.39
102.38
102.38
102.37
102.37
102.37
102.36
102.36
102.36
102.36
102.35
102.35
102.35
102.35
102.35
102.35
102.35
102.35
102.35
102.35
102.35
102.33
102.33
102.33
102.33
102.33
102.33
102.32
102.32
102.32
102.32
102.32
102.33
102.33
102.33
102.33
102.33
102.33
102.33
102.34
102.50
102.53
102.66
102.71
102.72
102.72
102.72
102.72
102.73
102.73
102.74
102.74
102.75
102.75
102.76
102.76
102.77
102.77
102.77
102.78
102.78
102.77
102.77
102.77
102.77
102.76
102.76
102.76
102.76
102.75
102.75
102.76
102.75
102.75
102.74
102.74
102.73
102.62
102.55
102.45
102.44
102.44
102.44
102.44
102.44
102.44
102.44
102.44
102.44
102.44
102.44
102.45
102.45
102.45
102.45
102.45
102.45
102.45
102.45
102.45
102.44
102.44
102.44
102.43
102.43
102.43
102.42
102.41
102.40
102.39
102.27
102.24
102.13
102.07
102.07
102.07
102.06
102.06