400.91
400.75
400.57
400.36
400.13
399.88
399.62
399.32
399.01
398.67
398.29
397.90
397.49
397.05
396.60
396.11
395.62
395.11
394.57
394.02
393.45
392.87
392.28
391.66
391.03
390.38
389.71
389.03
388.34
387.63
386.90
386.16
385.40
384.62
383.81
383.00
382.17
381.31
380.43
379.52
378.60
377.66
376.70
375.72
374.74
373.75
372.74
371.72
370.69
369.65
368.61
367.57
366.53
365.51
364.48
363.46
362.43
361.41
360.41
359.42
358.44
357.46
356.49
355.51
354.55
353.58
352.62
351.65
350.68
349.72
348.75
347.79
346.80
345.82
344.84
343.85
342.86
341.87
340.86
339.85
338.84
337.82
336.80
335.78
334.76
333.73
332.70
331.68
330.65
329.63
328.61
327.59
326.58
325.56
324.55
323.53
322.52
321.52
320.51
319.51
318.52
317.53
316.53
315.53
314.54
313.54
312.54
311.54
310.54
309.53
308.52
307.51
306.50
305.48
304.46
303.44
302.41
301.37
300.34
299.31
298.26
297.22
296.17
295.12
294.07
293.03
291.99
290.95
289.91
288.87
287.84
286.81
285.78
284.75
283.73
282.71
281.69
280.67
279.66
278.66
277.66
276.66
275.66
274.67
273.68
272.70
271.72
270.75
269.77
268.80
267.83
266.86
265.89
264.93
263.97
263.01
262.05
261.08
260.12
259.16
258.20
257.24
256.28
255.33
254.38
253.42
252.48
251.54
250.60
249.66
248.73
247.80
246.88
245.95
245.03
244.10
243.17
242.25
241.34
240.42
239.52
238.61
237.71
236.81
235.91
235.01
234.12
233.23
232.34
231.45
230.57
229.68
228.80
227.92
227.04
226.17
225.31
224.44
223.58
222.72
221.86
221.00
220.16
219.29
218.44
217.58
216.73
215.88
215.03
214.19
213.35
212.51
211.67
210.83
209.99
209.16
208.33
207.50
206.66
205.83
205.00
204.17
203.34
202.53
201.70
200.89
200.06
199.24
198.42
197.60
196.78
195.96
195.14
194.32
193.51
192.69
191.88
191.07
190.25
189.45
188.63
186.89
186.10
185.30
183.56
182.78
181.02
180.23
178.51
177.74
176.95
176.17
175.38
174.61
173.84
173.08
172.31
171.55
170.79
170.03
169.27
168.53
167.78
167.04
166.30
165.56
164.83
164.11
163.38
162.67
161.95
161.24
160.53
159.81
159.12
158.42
157.73
157.04
156.35
155.66
154.99
154.31
153.63
152.94
152.27
151.61
150.93
150.26
149.60
148.94
148.28
148.55
147.89
147.24
147.52
146.86
147.17
146.52
146.81
146.14
145.49
144.84
144.19
143.54
142.90
142.25
141.61
140.98
140.34
139.71
139.09
138.47
137.86
137.24
136.64
136.03
135.43
134.84
134.25
133.66
133.07
132.49
131.92
131.35
130.78
130.21
129.65
129.09
128.54
127.99
127.44
126.89
126.35
125.82
125.28
124.74
124.21
123.68
123.15
122.63
122.10
121.59
121.07
120.55
120.03
119.51
119.00
118.48
117.97
117.46
116.96
116.45
115.95
115.45
114.96
114.46
113.97
113.47
112.98
112.48
111.99
111.50
111.00
110.50
110.01
109.51
109.01
108.52
108.02
107.53
107.04
106.55
106.06
105.57
105.09
104.60
104.12
103.64
103.15
102.67
102.19
101.72
101.24
100.77
100.30
99.83
99.36
98.90
98.44
97.98
97.52
97.07
96.62
96.18
95.74
95.30
94.87
94.44
94.01
93.58
93.16
92.74
92.32
91.91
91.49
91.08
90.68
90.27
89.87
89.47
89.08
88.69
88.29
87.90
87.51
87.13
86.75
86.38
86.00
85.63
85.25
84.88
84.51
84.14
83.77
83.40
83.03
82.67
82.32
81.96
81.61
81.25
80.90
80.54
80.20
79.84
79.49
79.13
78.78
78.42
78.07
77.72
77.36
77.01
76.65
76.29
75.93
75.58
75.22
74.86
74.49
74.14
73.77
73.42
73.05
72.69
72.33
71.96
71.60
71.24
70.89
70.53
70.17
69.82
69.47
69.11
68.75
68.39
68.05
67.69
67.33
66.98
66.63
66.28
65.94
65.60
65.26
64.92
64.58
64.23
63.89
63.56
63.22
62.89
62.55
62.22
61.88
61.57
61.25
60.94
60.63
60.32
60.01
59.71
59.41
59.11
58.82
58.52
58.23
57.95
57.67
57.38
57.11
56.83
56.56
56.29
56.03
55.77
55.51
55.25
54.99
54.73
54.48
54.24
53.99
53.74
53.50
53.26
53.02
52.79
52.57
52.34
52.11
51.88
51.65
51.44
51.22
50.99
50.75
50.53
50.30
50.07
49.86
49.65
49.45
49.25
49.03
48.80
48.57
48.35
48.13
47.90
47.69
47.48
47.28
47.05
46.82
46.60
46.38
46.15
45.93
45.72
45.50
45.30
45.10
44.90
44.69
44.51
44.32
44.10
43.88
43.66
43.44
43.21
43.00
42.78
42.55
42.34
42.11
41.92
41.70
41.51
41.30
41.09
40.87
40.63
40.39
40.20
40.00
39.79
39.58
39.37
39.15
38.92
38.69
38.47
38.24
38.02
37.80
37.57
37.34
37.11
36.89
36.66
36.43
36.21
36.00
35.78
35.56
35.34
35.11
34.88
34.65
34.41
34.16
33.90
33.65
33.39
33.12
32.88
32.65
32.42
32.17
31.94
31.70
31.47
31.25
31.00
30.77
30.51
30.25
29.99
29.75
29.50
29.26
29.03
28.80
28.56
28.29
28.05
27.80
27.55
27.30
27.06
26.82
26.61
26.38
26.15
25.96
25.74
25.53
25.30
25.06
24.84
24.60
24.36
24.15
23.91
23.69
23.48
23.27
23.05
22.83
22.61
22.40
22.20
22.00
21.79
21.59
21.39
21.19
20.98
20.81
20.60
20.42
20.22
20.03
19.84
19.64
19.44
19.24
19.06
18.88
18.71
18.54
18.37
18.20
18.01
17.86
17.71
17.55
17.41
17.28
17.12
16.96
16.77
16.61
16.48
16.31
16.13
15.96
15.83
15.68
15.52
15.39
15.26
15.11
14.98
14.85
14.69
14.56
14.42
14.28
14.16
14.04
13.91
13.78
13.68
13.55
13.43
13.32
13.20
13.06
12.97
12.85
12.74
12.61
12.57
12.47
12.36
12.26
12.18
12.06
11.97
11.87
11.76
11.72
11.60
11.50
11.41
11.30
11.20
11.10
11.00
10.90
10.82