102.06
101.90
102.08
101.74
102.35
101.72
101.91
101.44
101.26
101.90
102.23
101.88
101.95
101.70
102.13
101.52
102.06
101.90
102.08
101.74
102.35
101.72
101.91
101.44
101.26
101.90
102.23
101.88
101.95
101.70
102.13
101.52
102.06
101.90
102.08
101.74
102.35
101.72
102.67
102.55
102.08
101.97
101.36
101.72
101.81
101.57
101.55
101.73
101.91
101.37
101.88
101.63
102.06
101.88
102.14
101.97
102.31
101.61
101.72
102.01
102.03
101.85
102.22
102.37
101.76
102.01
101.75
102.00
101.76
102.37
101.91
102.09
101.92
102.15
101.53
101.98
101.71
101.87
101.35
101.73
101.84
101.86
101.85
102.05
102.03
101.75
102.26
101.74
101.97
101.88
101.97
101.45
101.97
101.63
101.88
101.79
101.95
101.80
102.14
101.89
101.82
102.18
101.92
101.93
101.75
101.98
101.64
102.07
101.90
102.32
101.90
102.26
101.87
101.87
101.71
102.25
101.69
101.89
101.81
101.92
101.91
102.46
102.54
102.52
102.41
102.21
101.76
101.62
102.00
101.93
102.02
102.22
102.54
101.94
102.19
101.84
101.89
101.55
102.14
101.52
101.89
101.55
101.80
101.55
102.24
101.88
102.31
101.79
101.90
101.91
101.75
101.76
101.87
101.92
101.48
101.89
101.72
102.23
101.79
102.06
101.98
102.06
101.80
102.34
101.81
101.90
101.54
101.65
101.64
101.84
101.83
101.84
101.89
101.55
102.05
102.06
102.22
102.06
102.04
101.90
101.99
101.83
102.08
102.28
102.42
101.80
102.16
101.71
101.64
101.64
102.01
101.99
102.21
102.45
102.03
102.19
102.19
102.25
101.90
102.23
101.87
101.89
101.62
101.89
101.64
102.09
102.00
102.00
101.91
102.26
101.81
101.88
101.98
101.82
101.82
101.84
101.92
102.01
101.97
101.72
102.23
101.62
101.81
102.08
101.72
101.55
102.17
101.97
101.87
102.23
102.41
102.41
102.61
102.34
102.43
102.06
101.88
101.71
102.17
101.89
102.08
102.08
102.10
102.10
102.12
102.11
102.21
102.08
101.92
102.28
102.28
102.26
102.30
102.38
102.20
102.35
102.30
102.63
102.28
102.27
102.10
102.24
101.97
102.40
102.42
102.62
102.28
102.28
102.03
102.09
101.84
102.28
102.00
102.09
102.01
101.80
101.61
102.17
101.88
101.88
102.07
101.98
101.63
101.67
101.83
101.76
101.93
101.95
102.29
101.85
102.01
101.76
102.00
101.82
102.34
101.98
102.15
101.79
101.97
101.45
101.72
101.81
101.93
102.00
102.36
102.26
102.11
102.36
101.93
101.93
102.22
102.00
101.93
102.28
102.28
102.35
102.30
102.45
102.02
102.02
101.76
102.25
101.56
101.98
101.63
101.81
101.37
101.98
101.72
102.15
101.79
102.00
101.99
102.02
101.93
102.12
102.37
102.03
102.19
102.19
102.33
101.80
102.06
101.99
102.19
101.82
102.17
102.17
102.42
102.33
102.80
102.35
102.42
101.89
101.81
101.61
102.15
102.06
102.24
102.22
102.31
101.78
101.88
101.80
101.74
101.83
102.37
101.99
102.27
102.43
102.27
101.82
102.03
102.02
101.86
102.02
102.31
102.55
102.13
102.29
101.85
101.74
101.56
102.16
101.87
102.16
102.07
101.98
101.62
102.00
101.82
102.25
101.99
102.23
101.79
101.90
101.83
101.75
101.75
101.75
101.89
101.71
102.32
101.87
102.12
101.86
101.94
101.67
101.76
101.68
102.03
102.05
101.86
102.06
102.07
101.83
101.92
102.01
102.11
102.29
102.39
102.46
102.32
102.37
102.12
102.28
102.14
102.64
102.50
102.83
102.84
102.46
102.23
102.46
101.86
101.85
102.13
102.36
101.94
102.25
102.00
102.06
101.90
102.32
102.00
102.00
101.93
102.10
101.31
101.83
101.56
101.72
101.45
102.23
101.70
102.08
101.56
101.56
101.57
101.56
101.61
101.71
101.88
101.36
101.90
101.47
101.82
101.37
101.66
101.28
101.65
101.76
102.28
102.06
102.44
102.60
102.16
102.17
101.92
101.83
101.39
101.72
101.19
101.80
101.63
101.81
101.62
101.83
101.92
101.67
101.85
102.04
102.01
101.76
102.36
101.82
101.91
102.08
101.81
101.63
102.26
101.63
101.63
101.64
101.66
101.67
101.69
101.77
101.77
101.75
101.30
101.81
101.36
101.79
101.70
101.70
101.61
101.63
101.55
101.46
101.82
101.55
101.89
101.72
102.08
101.90
101.97
101.98
101.87
101.62
101.80
101.82
101.75
102.21
102.38
101.93
102.13
102.38
101.68
101.66
101.84
101.98
101.63
102.30
101.87
102.05
101.81
102.15
101.46
101.89
101.62
101.96
101.53
101.98
101.55
101.74
101.75
101.51
101.75
101.58
101.64
101.46
102.04
101.81
102.43
102.15
102.16
101.73
101.88
101.70
101.72
101.63
101.74
101.83
101.68
102.02
102.03
102.45
101.77
102.11
101.66
101.73
101.45
102.04
101.95
102.49
102.14
102.31
101.79
101.79
101.27
101.57
101.65
101.68
101.75
101.75
101.89
101.64
102.23
101.71
102.22
101.71
101.96
101.44
101.88
101.36
101.83
101.84
101.68
101.68
101.77
101.84
101.31
101.91
101.71
102.05
101.96
102.48
102.21
102.59
101.98
101.98
101.55
101.80
101.45
101.82
102.00
102.20
102.31
102.66
102.38
102.22
102.46
102.47
102.09
102.56
102.72
102.72
102.26
102.36
101.98
101.82
101.44
101.65
101.93
101.76
101.84
101.76
101.82
101.55
102.24
101.71
102.16
101.88
101.88
101.62
102.24
101.78
101.98
101.90
102.09
101.46
101.66
101.93
102.20
102.27
102.29
102.38
101.84
101.82
101.55
102.14
101.70
102.13
101.61
101.80
101.18
101.65
101.76
102.39
101.94
102.32
102.47
101.87
101.77
101.80
101.94
101.49
102.01
101.65
102.08
101.83
102.27
101.64
102.00
101.55
101.73
101.21
101.67
101.30
101.57
101.75
101.82
101.96
101.98
102.14
101.60
101.88
101.45
101.79
101.53
102.07
101.72
102.01
101.74
101.93
101.93
101.94
101.92
101.75
101.73
101.27
101.60
101.60
101.68
101.68
101.62
101.64
101.39
101.75
101.48
101.92
101.56
101.97
101.54
101.80
101.36
101.80
101.28
101.66
101.82
101.84
101.83
101.86
102.00
101.85
102.37
102.03
102.36
102.00
101.90
101.45
101.79
101.52
101.80
101.45
101.73
101.84
102.38
102.02
102.46
102.44
101.93
101.83
101.60
101.60
101.40
101.74
101.29
101.81
101.45
101.64
101.62
101.72
101.80
102.00
101.83
101.67
101.74
101.49
101.81
101.54
101.81
102.17
102.51
101.98
102.41
101.96
101.97
101.61
102.15
101.79
102.05
101.80
101.73
101.37
101.49
101.68
101.39
101.56
101.48
101.71
101.26
101.79
101.43
101.73
101.84
101.93
101.77
102.14
101.92
101.75
102.10
101.73
101.81
101.72
101.88
101.61
102.16
101.78
102.06
101.90
102.24
101.44
101.84
102.00
101.75
101.75
101.95
102.02
101.68
102.20
101.77
102.02
101.75
102.11
102.11
102.46
102.20
102.46
101.74
101.56
101.36
101.88
101.70
102.40
102.14
102.40
101.72
101.91
101.46
101.75
101.77
102.02
101.93
102.02
101.91
101.37
101.81
101.36
101.64
101.29
101.67
101.75
102.38
102.38
103.01
102.54
102.45
101.83
101.76
101.77
101.86
101.77
101.97
102.04
101.68
102.21
102.39
102.82
102.21
102.48
101.76
101.58
101.05
101.56
101.28
101.71
101.36
101.64
101.82
101.75
101.77
102.03
101.91
101.64
102.08
102.08
101.91
102.01
101.90
101.65
101.83
101.73
101.91
101.75
101.75
101.84
101.77
101.78
101.96
101.84
101.58
102.17
101.45
101.72
101.55
101.73
101.20
101.82
101.46
101.75
101.46
101.74
101.92
101.66
101.82
101.66
101.74
101.21
101.91
101.38
101.74
101.47
101.76
101.76
101.86
101.86
101.77
101.92
101.47
101.99
101.54
101.99
101.63
101.97
101.45
101.81
101.43
101.64
101.74
101.58
101.74
101.67
101.83
101.38
101.88
101.62
102.16
101.78
101.98
101.72
101.83
101.82
101.66
101.75
101.77
101.93
101.32
101.85
101.40
101.65
101.20
101.65
101.36
101.74
101.92
102.37
102.00
102.23
102.32
102.32
101.77
102.16
102.30
101.93
101.66
101.93
101.64
101.37
101.91
101.62
101.82
101.73
101.91
101.27
101.67
101.84
101.77
101.77
101.96
101.85
101.32
101.82
101.37
101.72
101.36
101.79
101.45
101.74
101.83
101.93
101.86
101.79
101.94
101.32
101.75
101.39
101.73
101.62
101.79
101.70
101.77
101.70
101.45
101.64
101.29
101.64
101.63
101.61
101.61
102.15
101.80
101.71
102.09
101.64
101.46
101.48
101.57
101.14
101.48
101.38
101.28
101.28
101.80
101.55
101.83
101.82
101.85
101.78
101.78
101.60
101.69
101.47
101.27
101.88
101.52
101.88
101.88
101.97
101.53
102.06
101.71
101.83
101.64
101.85
101.85
101.70
102.03
101.87
102.01
101.83
101.88
101.71
102.25
101.81
101.81
101.99
101.72
101.43
101.65
101.81
101.49
101.83
101.67
101.91
101.21
101.81
101.29
101.64
101.20
101.73
101.28
101.66
101.29
101.56
101.74
101.57
101.72
101.56
101.64
101.20
101.91
101.91
102.54
102.09
102.35
101.81
101.74
101.74
101.68
101.77
101.68
101.66
101.21
101.91
101.28
101.73
101.37
101.57
101.57
101.68
101.76
101.78
101.85
101.32
101.83
101.29
101.64
101.28
101.63
101.10
101.56
101.73
101.58
101.58
101.76
101.84
101.22
101.82
101.38
101.65
101.20
101.66
101.29
101.67
101.75
102.01
101.72
101.92
102.17
101.54
101.74
101.72
101.79
101.53
102.25
101.88
102.07
102.00
102.04
102.04
101.82
102.09
101.93
102.16
101.63
102.04
101.77
102.19
101.48
101.83
101.56
101.65
101.02
101.59
101.75
101.60
101.69
101.68
101.66
101.13
101.74
101.20
101.65
101.46
101.75
101.84
102.47
102.19
102.32
102.55
102.02
101.83
101.78
101.93
101.23
101.67
101.32
101.82
101.28
101.91
101.54
101.90
101.91
102.53
102.15
102.44
102.08
101.94
101.85
101.88
101.97
101.91
101.95
101.42
101.76
101.31
101.83
101.38
101.82
101.46
101.74
101.45
101.83
102.02
101.79
102.05
102.17
102.33
101.88
102.29
101.84
102.00
101.66
102.11
101.91
102.09
101.93
102.20
102.20
102.58
102.31
102.56
101.92
101.74
101.37
101.65
101.65
102.37
101.92
102.21
102.47
102.46
101.84
102.31
102.46
101.85
101.76
101.97
101.95
101.50
101.84
101.48
101.82
101.37
101.73
101.46
101.73
101.28
101.66
101.75
101.59
101.68
101.59
101.66
101.29
101.81
101.43
101.88
101.61
101.73
101.91
101.86
101.94
101.88
101.95
101.50
101.84
101.39
101.81
101.45
101.72
101.27
101.65
101.30
101.68
101.86
101.87
101.94
101.95
101.93
101.48
101.98
101.71
102.16
102.25
102.69
102.17
102.35
101.82
101.72
101.27
101.72
101.37
101.66
101.84
101.78
101.87
101.97
101.95
101.50
101.74
101.29
101.46
101.28
101.49
101.21
101.57
101.83
101.68
101.83
101.76
101.85
101.48
101.81
101.46
101.99
101.63
101.92
101.65
101.84
101.93
101.77
101.77
101.79
101.86
101.41
102.02
101.76
102.19
101.99
102.08
101.91